0	1641	
1	1636	
2	1636	
3	1638	
4	1639	
5	1636	
6	1640	
7	1637	
8	1636	
9	1638	
10	1636	
11	1640	
12	1638	
13	1633	
14	1643	
15	1639	
16	1639	
17	1638	
18	1638	
19	1638	
20	1637	
21	1637	
22	1634	
23	1638	
24	1638	
25	1638	
26	1642	
27	1636	
28	1642	
29	1638	
30	1636	
31	1635	
32	1638	
33	1642	
34	1637	
35	1631	
36	1638	
37	1636	
38	1643	
39	1631	
40	1640	
41	1638	
42	1640	
43	1637	
44	1642	
45	1635	
46	1639	
47	1641	
48	1632	
49	1642	
50	1640	
51	1635	
52	1639	
53	1635	
54	1644	
55	1633	
56	1639	
57	1638	
58	1638	
59	1639	
60	1641	
61	1627	
62	1638	
63	1636	
64	1638	
65	1637	
66	1641	
67	1637	
68	1641	
69	1639	
70	1637	
71	1641	
72	1637	
73	1637	
74	1638	
75	1636	
76	1640	
77	1641	
78	1638	
79	1642	
80	1638	
81	1635	
82	1638	
83	1635	
84	1640	
85	1638	
86	1639	
87	1639	
88	1634	
89	1641	
90	1641	
91	1635	
92	1640	
93	1636	
94	1644	
95	1633	
96	1643	
97	1635	
98	1637	
99	1640	
100	1640	
101	1634	
102	1640	
103	1640	
104	1636	
105	1638	
106	1640	
107	1639	
108	1641	
109	1639	
110	1639	
111	1632	
112	1638	
113	1640	
114	1636	
115	1639	
116	1639	
117	1640	
118	1642	
119	1632	
120	1639	
121	1637	
122	1636	
123	1641	
124	1635	
125	1638	
126	1638	
127	1638	
128	1636	
129	1641	
130	1641	
131	1638	
132	1639	
133	1640	
134	1642	
135	1634	
136	1639	
137	1642	
138	1643	
139	1637	
140	1640	
141	1640	
142	1640	
143	1635	
144	1635	
145	1640	
146	1641	
147	1638	
148	1639	
149	1637	
150	1642	
151	1635	
152	1636	
153	1640	
154	1637	
155	1636	
156	1638	
157	1639	
158	1639	
159	1635	
160	1639	
161	1635	
162	1637	
163	1639	
164	1638	
165	1636	
166	1639	
167	1635	
168	1641	
169	1643	
170	1636	
171	1640	
172	1637	
173	1632	
174	1641	
175	1633	
176	1640	
177	1638	
178	1639	
179	1635	
180	1639	
181	1638	
182	1644	
183	1634	
184	1639	
185	1638	
186	1635	
187	1638	
188	1636	
189	1637	
190	1642	
191	1637	
192	1640	
193	1645	
194	1638	
195	1635	
196	1639	
197	1635	
198	1637	
199	1637	
200	1639	
201	1639	
202	1639	
203	1637	
204	1642	
205	1635	
206	1638	
207	1635	
208	1637	
209	1645	
210	1638	
211	1635	
212	1635	
213	1634	
214	1647	
215	1637	
216	1638	
217	1638	
218	1636	
219	1641	
220	1639	
221	1636	
222	1641	
223	1638	
224	1637	
225	1645	
226	1636	
227	1638	
228	1635	
229	1640	
230	1644	
231	1639	
232	1641	
233	1640	
234	1642	
235	1634	
236	1640	
237	1639	
238	1640	
239	1636	
240	1639	
241	1633	
242	1639	
243	1637	
244	1637	
245	1639	
246	1641	
247	1640	
248	1640	
249	1640	
250	1638	
251	1639	
252	1638	
253	1639	
254	1641	
255	1635	
256	1641	
257	1637	
258	1638	
259	1640	
260	1641	
261	1635	
262	1638	
263	1640	
264	1634	
265	1636	
266	1642	
267	1636	
268	1640	
269	1639	
270	1637	
271	1640	
272	1638	
273	1640	
274	1633	
275	1635	
276	1639	
277	1634	
278	1639	
279	1634	
280	1640	
281	1640	
282	1632	
283	1643	
284	1637	
285	1637	
286	1640	
287	1638	
288	1635	
289	1642	
290	1640	
291	1636	
292	1636	
293	1635	
294	1642	
295	1637	
296	1638	
297	1639	
298	1636	
299	1638	
300	1639	
301	1633	
302	1643	
303	1638	
304	1640	
305	1639	
306	1640	
307	1637	
308	1642	
309	1635	
310	1641	
311	1635	
312	1640	
313	1642	
314	1637	
315	1638	
316	1640	
317	1636	
318	1636	
319	1640	
320	1635	
321	1640	
322	1636	
323	1641	
324	1637	
325	1640	
326	1639	
327	1641	
328	1637	
329	1639	
330	1638	
331	1642	
332	1638	
333	1636	
334	1642	
335	1639	
336	1636	
337	1636	
338	1638	
339	1638	
340	1641	
341	1634	
342	1643	
343	1635	
344	1635	
345	1636	
346	1641	
347	1634	
348	1643	
349	1639	
350	1642	
351	1640	
352	1639	
353	1635	
354	1638	
355	1639	
356	1634	
357	1633	
358	1635	
359	1635	
360	1639	
361	1639	
362	1637	
363	1641	
364	1639	
365	1640	
366	1639	
367	1638	
368	1637	
369	1642	
370	1638	
371	1636	
372	1639	
373	1637	
374	1645	
375	1635	
376	1638	
377	1639	
378	1639	
379	1638	
380	1642	
381	1638	
382	1637	
383	1638	
384	1639	
385	1637	
386	1637	
387	1639	
388	1639	
389	1638	
390	1642	
391	1637	
392	1636	
393	1637	
394	1640	
395	1640	
396	1636	
397	1639	
398	1638	
399	1638	
400	1640	
401	1640	
402	1634	
403	1642	
404	1641	
405	1638	
406	1637	
407	1640	
408	1641	
409	1638	
410	1637	
411	1635	
412	1638	
413	1637	
414	1645	
415	1637	
416	1643	
417	1637	
418	1638	
419	1638	
420	1640	
421	1640	
422	1643	
423	1639	
424	1635	
425	1636	
426	1643	
427	1640	
428	1637	
429	1641	
430	1641	
431	1637	
432	1642	
433	1640	
434	1638	
435	1638	
436	1641	
437	1639	
438	1638	
439	1635	
440	1641	
441	1639	
442	1635	
443	1640	
444	1639	
445	1635	
446	1641	
447	1636	
448	1639	
449	1636	
450	1638	
451	1634	
452	1635	
453	1634	
454	1645	
455	1639	
456	1636	
457	1639	
458	1639	
459	1642	
460	1642	
461	1634	
462	1641	
463	1636	
464	1640	
465	1639	
466	1638	
467	1640	
468	1643	
469	1635	
470	1638	
471	1638	
472	1635	
473	1639	
474	1638	
475	1636	
476	1638	
477	1635	
478	1642	
479	1633	
480	1640	
481	1640	
482	1637	
483	1636	
484	1637	
485	1638	
486	1641	
487	1641	
488	1638	
489	1638	
490	1639	
491	1639	
492	1640	
493	1635	
494	1643	
495	1635	
496	1639	
497	1638	
498	1642	
499	1644	
500	1638	
501	1635	
502	1635	
503	1640	
504	1637	
505	1636	
506	1641	
507	1636	
508	1639	
509	1637	
510	1638	
511	1635	
512	1640	
513	1645	
514	1634	
515	1638	
516	1633	
517	1641	
518	1642	
519	1635	
520	1638	
521	1641	
522	1637	
523	1643	
524	1641	
525	1638	
526	1638	
527	1635	
528	1640	
529	1641	
530	1638	
531	1641	
532	1637	
533	1637	
534	1646	
535	1634	
536	1640	
537	1637	
538	1640	
539	1634	
540	1642	
541	1636	
542	1640	
543	1639	
544	1639	
545	1637	
546	1640	
547	1640	
548	1644	
549	1639	
550	1639	
551	1639	
552	1640	
553	1639	
554	1640	
555	1636	
556	1638	
557	1639	
558	1638	
559	1636	
560	1636	
561	1642	
562	1640	
563	1641	
564	1635	
565	1636	
566	1643	
567	1637	
568	1637	
569	1639	
570	1639	
571	1635	
572	1641	
573	1634	
574	1642	
575	1635	
576	1639	
577	1640	
578	1640	
579	1637	
580	1641	
581	1635	
582	1639	
583	1636	
584	1640	
585	1636	
586	1640	
587	1640	
588	1639	
589	1641	
590	1636	
591	1640	
592	1640	
593	1639	
594	1638	
595	1637	
596	1641	
597	1638	
598	1645	
599	1638	
600	1641	
601	1639	
602	1637	
603	1641	
604	1637	
605	1641	
606	1640	
607	1634	
608	1638	
609	1639	
610	1638	
611	1640	
612	1640	
613	1633	
614	1641	
615	1637	
616	1643	
617	1638	
618	1637	
619	1640	
620	1640	
621	1637	
622	1634	
623	1639	
624	1638	
625	1642	
626	1638	
627	1641	
628	1636	
629	1639	
630	1637	
631	1642	
632	1638	
633	1640	
634	1639	
635	1635	
636	1638	
637	1636	
638	1639	
639	1634	
640	1641	
641	1638	
642	1636	
643	1636	
644	1636	
645	1636	
646	1634	
647	1641	
648	1635	
649	1638	
650	1636	
651	1641	
652	1635	
653	1635	
654	1642	
655	1638	
656	1641	
657	1638	
658	1637	
659	1641	
660	1635	
661	1637	
662	1637	
663	1638	
664	1638	
665	1639	
666	1639	
667	1635	
668	1640	
669	1638	
670	1638	
671	1635	
672	1636	
673	1636	
674	1641	
675	1638	
676	1639	
677	1637	
678	1638	
679	1636	
680	1640	
681	1637	
682	1634	
683	1638	
684	1636	
685	1637	
686	1637	
687	1638	
688	1637	
689	1641	
690	1636	
691	1637	
692	1639	
693	1634	
694	1643	
695	1639	
696	1637	
697	1642	
698	1641	
699	1636	
700	1638	
701	1637	
702	1642	
703	1636	
704	1642	
705	1638	
706	1637	
707	1637	
708	1641	
709	1642	
710	1638	
711	1637	
712	1636	
713	1641	
714	1631	
715	1638	
716	1639	
717	1637	
718	1638	
719	1637	
720	1637	
721	1641	
722	1639	
723	1637	
724	1638	
725	1636	
726	1639	
727	1640	
728	1636	
729	1637	
730	1639	
731	1639	
732	1636	
733	1641	
734	1643	
735	1637	
736	1639	
737	1637	
738	1637	
739	1637	
740	1640	
741	1634	
742	1641	
743	1639	
744	1638	
745	1640	
746	1637	
747	1636	
748	1640	
749	1638	
750	1638	
751	1638	
752	1639	
753	1640	
754	1638	
755	1633	
756	1641	
757	1638	
758	1639	
759	1635	
760	1640	
761	1636	
762	1639	
763	1642	
764	1636	
765	1639	
766	1641	
767	1636	
768	1637	
769	1641	
770	1635	
771	1642	
772	1639	
773	1638	
774	1644	
775	1637	
776	1638	
777	1639	
778	1637	
779	1635	
780	1640	
781	1639	
782	1636	
783	1635	
784	1633	
785	1640	
786	1640	
787	1638	
788	1640	
789	1642	
790	1640	
791	1637	
792	1641	
793	1635	
794	1635	
795	1635	
796	1641	
797	1637	
798	1639	
799	1636	
800	1638	
801	1638	
802	1637	
803	1635	
804	1640	
805	1641	
806	1635	
807	1637	
808	1637	
809	1641	
810	1637	
811	1638	
812	1635	
813	1639	
814	1643	
815	1638	
816	1635	
817	1638	
818	1643	
819	1639	
820	1640	
821	1637	
822	1636	
823	1642	
824	1638	
825	1636	
826	1643	
827	1635	
828	1642	
829	1638	
830	1641	
831	1637	
832	1641	
833	1637	
834	1638	
835	1635	
836	1637	
837	1635	
838	1639	
839	1635	
840	1641	
841	1641	
842	1635	
843	1642	
844	1637	
845	1641	
846	1643	
847	1636	
848	1635	
849	1645	
850	1640	
851	1638	
852	1638	
853	1635	
854	1642	
855	1633	
856	1637	
857	1638	
858	1640	
859	1637	
860	1642	
861	1635	
862	1641	
863	1639	
864	1641	
865	1635	
866	1642	
867	1635	
868	1641	
869	1640	
870	1641	
871	1636	
872	1640	
873	1639	
874	1638	
875	1636	
876	1635	
877	1633	
878	1644	
879	1634	
880	1641	
881	1638	
882	1636	
883	1639	
884	1640	
885	1639	
886	1637	
887	1639	
888	1637	
889	1639	
890	1634	
891	1637	
892	1641	
893	1637	
894	1643	
895	1635	
896	1641	
897	1635	
898	1643	
899	1635	
900	1642	
901	1639	
902	1638	
903	1638	
904	1638	
905	1634	
906	1640	
907	1640	
908	1640	
909	1637	
910	1643	
911	1635	
912	1642	
913	1641	
914	1641	
915	1635	
916	1637	
917	1640	
918	1635	
919	1639	
920	1643	
921	1637	
922	1635	
923	1641	
924	1638	
925	1637	
926	1639	
927	1639	
928	1635	
929	1641	
930	1642	
931	1638	
932	1637	
933	1628	
934	1644	
935	1634	
936	1637	
937	1635	
938	1641	
939	1639	
940	1644	
941	1636	
942	1636	
943	1635	
944	1638	
945	1639	
946	1637	
947	1637	
948	1637	
949	1638	
950	1639	
951	1639	
952	1636	
953	1643	
954	1636	
955	1635	
956	1639	
957	1637	
958	1639	
959	1637	
960	1645	
961	1638	
962	1638	
963	1636	
964	1638	
965	1636	
966	1638	
967	1635	
968	1639	
969	1639	
970	1635	
971	1637	
972	1635	
973	1635	
974	1639	
975	1635	
976	1638	
977	1636	
978	1637	
979	1635	
980	1639	
981	1636	
982	1641	
983	1637	
984	1640	
985	1638	
986	1641	
987	1638	
988	1642	
989	1635	
990	1636	
991	1635	
992	1636	
993	1639	
994	1637	
995	1636	
996	1638	
997	1637	
998	1639	
999	1635	
1000	1636	
1001	1636	
1002	1638	
1003	1637	
1004	1640	
1005	1634	
1006	1637	
1007	1638	
1008	1640	
1009	1635	
1010	1638	
1011	1638	
1012	1637	
1013	1638	
1014	1646	
1015	1637	
1016	1639	
1017	1636	
1018	1639	
1019	1643	
1020	1642	
1021	1635	
1022	1640	
1023	1639	
1024	1639	
1025	1638	
1026	1642	
1027	1638	
1028	1640	
1029	1637	
1030	
1031	
